-145 -8 154 644 101 -940 -178 319 -648 856 429 782 -430 388 -535 654 -792 -610 655 668 -967 -599 878 -686 874 -154 -683 -463 -447 472 -387 926 -426 523 -158 -686 813 -204 191 -13 921 530 -16 664 -229 154 489 282 859
992 -374 76 -640 -159 274 -677 -901 -65 -299 -709 86 -907 798 -369 -851 -588 47 415 -689 -552 -841 -662 -626 404 543 -934 -864 -474 328 -609 974 -422 987
223 823 -560 -999 736 656 -589 -966 35 997 959 868 -570 -70 -169 -121 -901 -916 -845 349 6 -962 654 242 177 -405 680 -920 690
136 -71 340 -721 622 -684 366 832 -459 -190 246 -342 -219 -208 -744 911 367 -657 -364 103 270 960 332 -549 -68
-537 825 961 -342 -560 270 -14 416 -933 247 847 -331 -873 -662 407 677 -143 519 -318 350 699 324 -314 770 -194 -946 -49 460 -547 527 -709 -382 442 -528 673 554 -290 766 189 240 644 172 489 -860 -384 578 -944 -894 540 66 996 629 -312 -503 -991 -543 721 -389 -948 -775 538 181 -109 327 -157 847 616 -526 -39 41 937 -139 138 -257 -243
421 -661 -385 -344 192 -191 47 -351 983 -832 556 -530 624 118 -197 59 488 -437 -435 355 710 251 197 -412 29 306 421 386 -165 568 -224 -872 638 359 -958 -725 744 927 -583 -838 -865 -475 -430 703 0
-348 127 -188 -154 -138 732 433 864 66 -205 -591 -946 -592 -977 817 -637 -713 561 -674 -556 80 -76 -642 -293 606 763 -837 683 300 198 711 -311 110 70 816 963 730 -608 -215 27 266 -765 -232 904 -89 -314 490 967 553 -265 -36 529 437 -747 -709 -649 -757 -358 -804 395 -384 -841 717 -278 -802 -723 950 897 -542 -159
-356 -182 -453 988 237 561 -223 694 788 7 922 899 890 -831 865 -614 -75 -676 499 718 -538 -391 -980 125 427 -411 -613 -40 -61 -31 -976 -527 357 499 -553 221 -902 70 482 -651 704 -329 108 579 234 584 937 573 -907 713 840 -245
-759 952 -105 319 19 -357 -290 473 728 504 84 878 -449 -73 635 879 539 906 -171 674 6 -200 883 -652 -159 -451
-854 -226 412 66 372 -883 -560 571 -359 682 836 351 -402 685 830 494 -584 -680 308 26 341 -509 -245 -134 625 982 963 -594 842 -509 437 54 -388 -500 696 855 788 407 -806 509 -532 -259 361 -857 476 938 142 -524 -383 65 343 373 174 -491 -502 653
901 -500 59 -179 323 788 94 6 -895 -809 560 844 -602 431 713 497 346 219 -412 -706 -832 -168 849 468 -838 674 797 -452 854 -865 924 487 49 -314 372 937 606 -938 -859 704 -279 850
702 -397 741 -690 -91 724 195 136 -954 513 586 699 -942 179 180 204 336 -920 -513 246 267 -164 881 183 -150 944 495 -459 -579 -924 -440 704 -167 -549 -263 127 -186 -896 -36 332 -727 -200 665 134 929 -470 350
874 351 -17 -712 847 -276 480 -161 -429 831 101 180 -643 922 -756 -893 -650 201 -641 -879 -700 -575 -653 -430 867 568 273 -344 748 405 888
-937 -566 811 949 -954 33 -546 -122 771 304 609 962 -811 183 -843 662 -550 -292 -181 -936 -842 -722 -481 701 -973 697 -173 82 -58 -947 -812 856 -555 -479 -868 552 -212 -576 -240 346 -329 455 -600 419 954 -203 818 -643 750 -336 686 -69
721 446 549 577 475 -844 -5 195 57 -623 932 982 -171 -661 141 -499 -230 -498 -828 69 -699 547 -317 6 243 -590 673 208 823 473 998
-840 521 -461 -580 628 888 -546 -158 618 505 780 -516 355 68 286 -466 30 -139 -601 -342 -513 931 716 390 995 665 146 221 576 924 393 465 853 526 -469 353 962 486 883 -793 -91 825 741 599 -273 875 520 678 224 305 -502 188
810 759 556 -729 937 635 484 -171 861 700 478 -679 232 646 -817 -936 821 -518 -464 -146 -889 -505 970 143 -984 352 -830 -937 -397 203 465 -427 345 226 708 491 534 -416 -298 122
900 831 269 -542 -890 -363 155 475 -510 -171 252 -789 -78 791 241 127 -139 719 -223 321 -449 -824 -855 -631 738 569 -688 -918 -101 -228 52 38 -540 -990 797 -7 680 -705 -226 -19 -949 992 393 14 -631 -422
762 268 595 754 -6 -978 739 -615 -302 76 -798 -450 -208 193 -259 57 -513 -371 964 291 -230 475 -871 -150 -63 88 705 -799 970 694
-221 -472 -752 -334 -551 657 -981 -603 -236 -833 413 -449 -46 -859 -911 257 883 881 274 -998 276 -825 -201 -545 -548
-615 -409 -97 130 -609 -270 -39 583 -364 -652 620 693 353 200 469 166 -249 704 -73 563 840 365 843 990 706 668 826 -313 842 -671 507 941 -247 -795 -772 937 79 -820 -975 -842 -322 -105 520 -738 985 813 -748 512
-396 -660 -319 -181 935 -156 -601 -227 -379 878 937 662 338 792 -725 661 468 356 -145 187 -653 758 -204 -945 -263 -213 479 -267 -781 448 954 878 -324 -165 -742 741 246 737 -409 -768 338
285 -209 -730 -529 888 -840 16 -609 -61 -160 762 286 -664 -813 -663 168 -554 971 339 -858 838 506 428 -434 -537 -513 737 -155 663 269 159 417 117 917 297 4 46 -882 757 416 967 -727 486 -344 529 213 302 -62 -166 502 865 -143 -11 314
-30 813 813 -33 -905 521 -74 -634 431 930 588 -896 -983 -288 -459 665 -308 -518 -22 -984 -139 459 -112 -219 355 333 -666 -201 507 -964 -574 -626 -793 504 -778 -47 -212 -573 993 33 720 234 -694 -90 627 0 -42 697 401 518 956 386 789 -916 -635 -163 -121 -175
-525 960 -271 778 806 938 920 -145 895 -898 785 -499 -232 721 797 -25 13 261 -946 81 68 829 -444 788 620 929 242 58 631 426 -944 -452 -313 21 90
-282 945 412 -669 -971 698 -834 -460 -897 462 -94 475 -668 -192 -986 -630 -66 304 -65 -954 68 -714 845 191 295 290 -398 796 642 217 -220 -884 614 -191 -651 551 501 -630 -173 550 430 -538 -820 -467 710 -136 -686 -339 -851 525
920 261 922 531 257 -413 -790 818 -139 968 197 -120 -649 -165 -930 -434 -69 946 532 -379 448 223 514 160 42 -285 -249 888 951 -598 880 -838 487 6 -950 967 -50 869 762 -296 86 850 326 601 445 875 -803 -379 933 619 167 -312 488 -288 334 -260 -316 -828 174 119 -771 82 -633
154 -61 411 726 798 -252 -419 -371 -525 -993 161 -504 -363 288 -419 -434 650 -2 -758 835 -643 8 437 583 -929 -38 500 498 -341 -5 -140 494
692 130 -710 987 -296 -133 -348 847 -586 -83 644 315 -757 447 645 173 488 999 -821 302 251 772 -998 -228 473 736 -533
111 434 -225 158 780 838 -918 -37 190 494 597 364 940 212 -737 -799 -441 585 -945 494 -385 -703 -718 -233 -922 349 997 670 80 867 580 -556 941 819 408 -458 -104 -432 -502 263 261 636 -803 842 -972 943 318 -440 -482 -485 770 563 -742 -735
762 264 -170 993 -455 -588 642 130 -824 682 -779 274 766 834 -89 -839 495 306 -310 403 -919 -967 204 860 -420 540 -722 830 295 236 609 978 -250 -200 -580 -641 -149 953 415 39 -268 -799 301 -458 355 -718 187 -479 627 -205 777 744 721 -347
373 -206 817 497 218 823 -489 497 -667 886 542 -392 210 -663 -634 394 -830 99 443 679 647 -170 513 -985 598 -68 754 701 -426 469 744
556 -125 -375 -456 943 -705 778 -883 -554 -887 -674 -796 -329 -285 -652 377 219 124 -152 -360 -300 -494 260 -783 498 -882 657 -965 380 -593 -693 509
446 121 -624 695 799 779 80 750 -392 645 159 773 -650 -455 -569 -409 979 931 211 109 319 503 -232 -520 670 -376 54 576 -97 642 278 -497 310 353 872 -908 -470 -192 -240 -101 -106
579 368 -243 638 140 -139 -524 520 -289 -95 -488 -212 -271 953 -948 329 -354 575 395 -574 -429 -858 -882 -827 -746 -295 959 -235 -468 -602 -862 -135 209 617 -282 -840 -820 603 -143 -85 -280 -536 -119 -548 -575 -808 858 408 -504 -489 -316 -772 506 -139 659 -334 -571 618 421 835 61 -65
-697 55 578 -374 -774 -923 -654 -433 -749 189 68 -189 -880 -142 -492 -350 486 87 712 326 974 -635 126 -212 -697 965 565 -277 -314 945 -603 101 -648 -762 -611 94 -163 -101 337 992 -140 934 -525 755 -780 196 724 -546 368 408 507 792 -843 -782 708 -88 -690 658 -301 0 -176 770
849 -958 -462 955 764 -753 83 -142 -17 564 357 495 -630 -577 -415 928 961 824 240 -775 804 715 695 -599 -120 -720 209 -601 867 -532 -233 603 191 859 -908 719 -867 934 574 -57 -814 783 -814 -402 -728 -869 -522 119 148
-463 -130 731 -503 -221 -385 -105 583 851 201 -246 -609 981 843 407 -60 -983 -340 518 -180 623 878 -603 864 863 -358 185 849 914 600 -572 -262 -75 782 160 -389 283 -509 798 661 343 990 -139 -571 -802 860 -689 -254
810 506 96 891 -128 -647 375 -728 599 -524 40 867 53 -763 342 -383 -524 -139 -927 499 230 842 492 241 611 -908 685 48 -253 302 -826 -811 -854 408 356
394 -606 277 424 366 861 -823 806 -334 90 -163 -443 -322 150 -369 779 -745 -82 472 498 -710 743 444 -557 -296 -463 460 812 906 526 534 -553 576 -961 651 655 -8 558 444 145 -878 47 689 -171 -136 355 -109 -842 566 -905 493 557 934 -409 -597 -835 -131 -845 -147
-707 -956 71 -4 -160 498 -60 -1000 -958 318 507 52 -402 41 -966 -537 790 152 681 448 -836 857 -162 -350 -8 548 -859 -800 796 261 285 -345 88 -413 869 -835 191 -952 -507 965 96 525 555 97 333 -475 862 -58 839 346 -545
-328 -20 809 -761 -97 736 399 -434 913 613 -327 -101 -659 -852 -2 -679 -37 -306 724 -384 -856 266 -1 -562 445 541 535 81 -654 508 -367 -478 -611 -812 -938 -135 -477 650 -25 504 32 392 -516 853 -570 -513 -209 470 -945 509 487 379 723 -287
242 -117 -182 -901 758 -981 -707 -66 792 -318 425 856 -978 588 285 986 -300 -292 -139 639 -405 648 -551 554 -737 559 -941 787 783 693 814 682 -199 -684 -433 -207 -165 -370 -456 538 -704 111 339 362 -959 379 681 215 558 -151 -121 -840 189 -814 0
356 -969 -893 15 -772 884 8 -65 -266 314 -916 654 -279 776 209 -927 820 350 -338 291 -890 -707 -437 -322 106
116 159 671 -344 440 -801 548 -171 -788 93 -887 779 -452 -136 -337 674 311 -5 -721 -205 -239 749 -272 314 861 -542 -868 292 763 23 -70 -548 -715 -982 257 -332 774 -105 944 -121 631 -511 -918 -801 943 318 -318 -614 -251 -747 -664 -500 -854 875 -96 626 -845 545 -641 -734 73 -468 -933 162
9 -837 60 -898 757 -772 647 -281 100 -809 362 707 -454 601 359 863 893 581 664 -81 445 -184 220 75 -878 643 540 -564 72 -626 -571 -407 839 437 -471 440 -982 377 -38 -526 -968 -821 529 643 -21 -103 71 890 -390 812 -887 799 -234 22 589 -628 -891 279 734 976 -877 -896 -692 613 169 781 -518 558 217 -407 803 378
-560 525 864 554 684 -897 -642 395 284 -692 416 -825 -581 512 507 273 -966 -461 -24 -976 877 -178 436 194 558 376 -460 674
-282 822 -130 -726 -732 -217 -124 -591 -776 -831 -988 -442 492 227 -899 -908 -419 642 -873 480 993 -335 273 -719 -430 -554 318 -865 -391 994 -366 224 113 -645 682 -404 -916 -780 671 -459 152 -894 -240 267 -10 368 -829 900 767 842 -930 410 -517
-517 -226 -657 -513 741 -696 158 -693 101 -335 40 158 60 -984 584 638 -610 8 625 -160 372 720 -460 -613 -709 353 252 -620 642 -635 -762 48 -772 977 75 744 -748 974 5 -836 117 -95 -2 458 668 -809 573 -492 970 989 906 -128 366 722 -608 -703 969 872 46
-649 411 -422 -860 281 -849 -57 -869 834 229 930 -918 -878 460 115 -255 -833 299 -697 652 74 -79 446 -559 -644 -601 -408 831 -464 518 -780 -740 772 519 809 187 -145 -575 -681 -915 662 -861 -110 -970 -713 813 869 137 -381 -980 685 -492 -261 995 534 -822 626
-739 929 -577 206 599 -475 888 170 -476 -161 367 235 -878 579 931 763 -168 264 -752 -991 -706 144 463 -528 979 -513 232 -660 -545 -618 -135 -119 630 -797 -229 -501 -344 -712 699 -830 -960 536 466 -918 441 -291 957 361 797 867 199 -949 665 -412 570 933 924 -242 -703
-896 -823 -372 442 -531 -633 -466 514 208 442 -545 -352 -158 -862 201 980 609 257 -943 -440 668 512 388 -16 125 -360 -590 -922 731 -917 496 319 236 952 821 -820 39 -361 -164 -711 820 -868 -852 450 -385 370 -345 -661 308 -160 675 91 368 406 100 -745 -677 61 895 -111 -182 -524 -947 -234 577 239 419 527 -964 948 864
675 -315 572 -453 145 412 217 349 480 712 680 802 -657 973 -462 217 27 -668 -692 -257 947 551 -61 -609 -406 -477 -819 454 -545 -736 751 949 710 754 295 -308 912 -456 697 260 -707 519 601 -11 -787 151 880 -832 628 828 -536 -939 -930 788 725 -434 -217 -423 626
830 -858 359 -359 -717 761 -21 -364 651 492 832 -842 -634 222 -772 -940 753 566 477 -367 -83 810 -119 659 835 814 -409 -641 -644 -262 176 -884 732 605 -318 408 2 -784 -677 -113 -774 509 -933 -668
-467 -521 -413 274 -416 -482 -256 675 456 -923 -654 570 313 -817 -504 -252 32 -964 -719 516 -46 -93 955 -425 -655 -836 155
335 194 -700 200 759 532 49 -761 -717 159 854 -674 290 -188 -523 501 -793 -64 -860 145 383 -885 58 -763 -915 -825 -830 344 -903 -539 221 501 -971 954 493 994 704 471 102 -721 598 -403 -335 -52 -75
-701 -46 -75 90 694 778 542 -707 -396 -228 -641 -803 270 -581 814 278 753 694 -257 -192 937 -158 393 -920 309 967 208 87 -222 385 -387 -328 -330 -563 -113 -304 339 287 345 -618 -27 124 672
136 -108 -151 -597 726 228 -767 169 -658 -710 -570 964 493 436 854 976 202 -866 751 -432 -259 -337 789 -220 367 605 -415 741 -116 639 970 256 75 938 911 -494 822 -365 324 -679 -18 873 944 511 300 960 -903 -910 110 -341 -782 157 165 134 -453 279 677 -426 120 -307 -394 -138 -673 394 721 -825 673 -432 759 166 583 779 180 711
862 469 -205 219 -644 921 618 444 -671 66 357 38 818 949 -630 796 -128 141 127 -620 -325 -992 605 -373 136 -245 -55 5 -658 -598 579 364 -261 -426 -595 -502 358 519 -603 133 -875 -53 -598 -106 952 -807 840