330 -977 756 -637 -878 -854 -13 N/A 312 49 N/A 108 N/A 30 -173 -48 N/A -335 471 963 546 -525 N/A -732 N/A 284
-714 N/A -427 -880 N/A 406 N/A 180 537 200 -870 226 938 -519 N/A 403 316 N/A 504 N/A -159 N/A -104 N/A -942 N/A 707 -355 -312 N/A 871 419 -860 455 -615 -333 -87 718 920 136 302 -190 N/A -216 -966 N/A -805 -727 -794 N/A 731 -153
720 -320 291 145 N/A 219 -494 -47 831 827 N/A -290 9 N/A -852 881 -172 595 N/A 290 -649 N/A -530 N/A -554 182 N/A 525 -930 -156 -119 N/A 742 -665 N/A -254
682 N/A 760 -426 N/A 337 N/A 637 N/A 372 52 -12 -427 -440 N/A -650 -880 770 -614 N/A 374 -103 442 -538 184 -365 131 85 533 N/A 224 -337 N/A -831 N/A -442 -237 -974 N/A 991 875
222 346 538 -264 482 -104 -919 306 N/A 608 373 -604 N/A 705 N/A 304 N/A -201 -198 N/A 47 N/A -790 442 -39 N/A -170 908
942 850 -156 178 N/A 599 -14 430 N/A 980 N/A -332 N/A 873 N/A -562 N/A 952 817 589 893 N/A 446 426 838 N/A -753 118 -952 N/A -352 -562 607 N/A -806 325 N/A 404 738 -87 N/A 212 -306 788 328 -751 N/A 828 -462 N/A -507 -396 -172 928 -728 -136 -784 -157
-953 876 -383 72 418 N/A 272 -88 602 N/A -551 N/A 250 849 555 653 134 N/A 216 N/A -118 N/A 668 -725 961 N/A -732 -459
919 -723 -328 493 N/A -379 -309 745 N/A 514 -106 11 589 -642 N/A 962 -112 N/A 547 -402 N/A -262 -164 N/A 935 5
278 74 N/A 371 822 N/A 727 491 -298 -710 N/A 725 N/A 377 244 8 N/A -727 -607 N/A -750 654 -827 505 N/A 517 -619 -956 -977 969
455 N/A 176 -633 -929 -355 N/A -946 112 -234 N/A 435 -998 N/A -587 25 -667 277 -398 N/A -757 N/A -79 N/A -843 -817 -372 -184 N/A -944 N/A 903 976 158 -832 N/A -92 N/A -698 -956 291 N/A 595 -669 N/A -378 -914 -485 468 618 -659 N/A 5 378 329 392 780 583 N/A 770 22
895 558 N/A -806 N/A -384 -962 N/A 730 N/A -58 N/A 767 N/A -550 900 -401 637 N/A 317 -95 302 523 794 -701 -354 280 N/A 951 -691 N/A 79 -540 796 -250 -988 -544
174 -330 -791 -734 197 N/A 604 -656 -491 -109 N/A 465 -253 N/A 885 -951 N/A -217 N/A -900 -365 N/A 724 727 526 772
771 N/A 291 -485 N/A 742 154 N/A 676 505 665 -200 -394 N/A -161 683 -79 -232 -737 -558 N/A -993 N/A -270 518 331 654 -921 N/A 989 599 N/A 859 N/A -137 739 -755 N/A 956 -366 -389 180
-890 752 859 -161 77 N/A -911 N/A -853 -161 836 -28 N/A -693 -419 N/A 308 442 N/A 793 161 685 -800 338 N/A 585
419 -750 -559 -489 N/A 969 -850 -99 -503 468 -30 -829 668 -487 -695 N/A 753 N/A -464 N/A -49 -16 -866 -423 -320 -327 N/A 837 -106 -818 869 N/A 732 N/A 747 805 777 758 N/A -715 586 -928 N/A 251 N/A 580 438 N/A -576 769 -292 N/A -187 N/A 239 N/A 123
-844 646 -621 825 -900 -167 537 -621 N/A 709 -922 343 N/A -75 -967 747 N/A 622 -180 752 N/A -656 -642 N/A -57 N/A 935 841 -778 N/A -79 -384 56 -548 121 -763 N/A 995 N/A 891 N/A 1 487 N/A -335 -371 -609 30 -449 356 -924 N/A 838 547 N/A -530 N/A -53 N/A -597 -381 -335 336 -238 N/A 982
-24 327 43 -737 689 N/A 472 N/A 635 N/A 938 -937 -916 873 N/A 31 892 -171 N/A -55 873 -349 N/A -748 894 -320
-485 N/A 965 N/A -605 -582 -209 547 N/A -74 -273 N/A 120 -15 -42 17 -419 -732 796 152 210 -625 -573 885 N/A -802 N/A 878 744 528 -167 N/A -522 -481 N/A -567 N/A 462 -932 -81 -924 N/A -250 54 N/A 67 276 N/A 510
-147 890 -354 -926 659 -268 N/A -189 N/A 267 -574 825 N/A -629 N/A -55 573 -248 698 N/A 462 166 -107 N/A 880 157 637 N/A -964 -339 338 7 555 N/A -861 -793 187 -722 -893 318 -167 801 N/A -181 -836 N/A -819 384 N/A 741 N/A 54 N/A -321 N/A -465 N/A -639 665 N/A 282 N/A -218 -918 -737 -530 217 -953
137 167 -833 -106 N/A 35 -693 -521 N/A -666 -491 649 565 N/A -347 N/A -775 -482 701 N/A 829 -79 N/A -925 -443 920 -851 -214 N/A 953 907 36 N/A 479 N/A -295 129 802 184 987 N/A 895
-858 964 -962 N/A 363 356 32 N/A -56 N/A -487 -619 470 371 586 N/A -975 -390 N/A 427 N/A 548 365 478 -986 755 N/A -397 N/A -244 -463 248 -366 -32 303
-363 N/A 822 215 N/A -682 620 488 -89 N/A -94 103 551 -907 -629 -682 -214 N/A 360 474 N/A -394 -718 139 N/A -332 115 N/A 225 893 203 N/A -989 -421 N/A 904 -359 786 -448 -777 N/A -480 -552 N/A 886 -943 393 243 N/A -710 N/A -404 910 N/A 94 751 -352 -855
489 506 -953 -983 45 79 N/A -244 -325 N/A 103 -518 N/A -379 N/A 444 42 -412 N/A 54 -661 N/A -621 740 125 N/A -20 -830 N/A 729 N/A 574 690 -194 91 -980 N/A -55 -917 38 -872 526 881 -549 N/A -709 N/A 539
351 769 N/A 909 797 460 171 N/A -503 180 783 -320 512 188 185 -49 N/A -747 N/A 329 168 893 596 N/A 96 N/A -794 -501 N/A -356 -903 704 -499 N/A 512 -103 N/A -90 N/A -290
469 129 -787 754 N/A 84 953 -947 N/A -7 843 -92 988 N/A -303 -4 N/A 204 N/A 521 N/A -778 -126 -257 -789 -830 -310 514 N/A -253 629 N/A 412 N/A -675 -106 -39 318 316 N/A -977
-734 551 N/A -95 634 478 893 456 -612 N/A 206 -864 N/A 926 N/A 117 777 -56 N/A -886 N/A 739 479 394 -747 874 -596 899 N/A -409 -576 N/A 589 N/A 752 N/A 438 262 533 8 -953 N/A -338 292 N/A -521 766 N/A -573 774 -447 N/A -290 N/A 178 -138 58 N/A 658 184 -660 -39 958 431 -155 N/A -253 -716 -224 445 N/A -779
-444 N/A 851 N/A -729 726 N/A 801 N/A 852 -980 -809 4 N/A -265 917 -606 120 -982 18 707 615 -290 72 N/A -691 N/A -84 235 -105
883 662 254 N/A -493 -315 -170 950 818 335 N/A 123 -175 895 690 -326 N/A -435 -811 442 N/A -432 -745 369 641 -190 N/A 578 789 N/A -719 -5 N/A -323 630 -177 -43 N/A 146 N/A 215 N/A -405 N/A 238 N/A -837 N/A 774 -287 198 -583 -922 N/A 254 -655 -68 N/A -453 -963 116
-321 N/A -197 -687 -641 -158 N/A 227 N/A 289 5 735 -411 -295 N/A -919 -973 136 N/A 836 988 N/A -471 -801 818 N/A 6 387 N/A 137 501 791 523 -349 N/A -346
185 -56 195 363 169 -526 448 2 N/A -995 932 756 342 87 N/A 896 -635 N/A -396 -531 339 N/A -403 N/A 701 N/A -480 361 N/A -887 -252 794 303 864 -822 N/A -112 -417 N/A -931 N/A 20 N/A 755 781 -349 N/A -844 N/A 371 612 -547 N/A 446 839 566 66 800 728 N/A 335 231
-210 741 N/A 367 N/A 975 450 973 -223 604 -318 -569 203 N/A -863 -160 N/A -181 -906 -667 N/A 539 -932 N/A 61
520 N/A -171 679 146 -729 -457 N/A -206 N/A -428 -525 -433 N/A -556 662 -294 749 -215 -660 466 N/A 590 409 -630 N/A 106 831 N/A 734 -637 N/A 662 N/A 636 817 N/A -332 N/A 174 167 32 506 -462 N/A -699 142 44 N/A 151 -152 -636 589 -529 N/A 661 N/A -708 286 252 -521 -595 -709
782 N/A -672 437 N/A 846 936 N/A -120 977 -643 N/A -96 N/A 247 -152 -738 N/A -225 -370 -730 -863 782 -687 N/A -294 147 N/A -89 N/A -315 N/A -311 621 N/A -135 813 -68 950 -169 -118 337 646 42 -853 486 N/A 330 332 171 69
66 N/A 793 N/A 384 489 -104 655 N/A -910 -11 -630 -206 -145 -636 -525 N/A 848 51 N/A 489 -645 896 652 868 -498 -626 -212 406 N/A -805 N/A -599 943 N/A -400 N/A 167 N/A 492 N/A 676 107 878 N/A -796 -803 N/A 210 -39 -255 N/A -67 -570 N/A 622 -876 341 N/A -439 N/A -123 -112 615 -347 -576 -20 -519
-686 644 -538 486 -895 N/A -113 -637 -246 N/A 832 906 N/A 400 688 946 908 N/A -707 896 157 894 N/A -878 301 N/A 683 564 N/A -78 -348
-778 -356 -727 N/A 473 N/A 589 -415 N/A -753 -768 1 N/A 944 623 N/A 703 272 N/A 573 N/A 150 720 -617 N/A -644 -514 -15 -451 792 -963 -618
-814 N/A -398 264 -910 172 854 -326 N/A 146 394 N/A -779 N/A 485 182 318 -469 -765 N/A 130 N/A 153 N/A -521 -4 -163 -949 -474 N/A -934 -873 633 -623 N/A 612 771
849 -543 511 -79 717 N/A 317 N/A -994 N/A -690 876 -111 N/A -919 -969 N/A -515 -992 N/A -548 -766 -658 -800 -26 811 658 N/A 730 567 951 N/A -270 -728 N/A 634 -315 -479 -21 -511 -767 893 152 N/A 68 N/A 964 N/A -63 770 -61 N/A 888 -547 N/A -213 N/A -780 -42 -13 -71
-182 -5 314 -548 -731 997 N/A 562 N/A 220 N/A -816 -63 N/A -508 N/A -239 -158 245 393 443 -700 -528 N/A 703 -442 -162 N/A -246 N/A 630 -173 544 -247 -821 N/A -554 -14 N/A -440 882 N/A 111 N/A 671 -416 -642 507 -315 -118 N/A -697 -481 -957 -312 -306 -760 N/A -514 -102 N/A 292 N/A 438
720 N/A -79 N/A -53 -159 436 -74 838 -891 -266 -783 -90 -878 640 N/A 245 873 N/A 136 91 N/A -204 N/A 600 583 711 N/A -455 N/A 477 586 -144 53 N/A 374 923 -637 63 N/A -781 298 -261
-674 -973 0 N/A 672 -743 N/A 685 555 N/A -397 -237 -251 -805 -787 N/A -592 640 37 180 N/A -830 89 N/A -959 N/A -17 -167 864 -319 N/A -425 984 363 443 582 N/A 533 N/A -759 819 N/A 705 10 -64 -54 670
-785 -929 -589 N/A -235 N/A -364 -226 188 N/A -147 752 -639 598 441 N/A -944 -706 N/A -966 140 N/A -466 139 437 683 -108 -755 N/A 739 N/A 530 -734 -341 N/A -114 770 -286 N/A -832 N/A 236 507 -54 659 N/A 331 N/A -374 947 N/A -843 130 254 39 576 N/A 282 893 -984 -827
115 145 N/A 830 -726 N/A -51 -924 782 461 502 -107 N/A -8 81 -917 -615 N/A -448 N/A -600 28 N/A 729 -256 980 N/A 507 -676 N/A -414 N/A 770 467 -51 738 354 N/A 287 -19 -129 -232 -705 413 789 N/A -42 -628 N/A -695 -708 N/A 280 -657 N/A 848
-324 -891 -938 N/A -108 39 853 -819 -675 572 N/A -364 36 N/A 822 N/A -487 N/A 319 168 N/A 876 N/A 795 352 538 -80 N/A -902 N/A -321 -730 -215 147 257 987 -695 N/A 743 704 N/A -891 -173 285
670 283 -229 N/A 782 N/A 159 -706 -274 961 N/A -80 -318 -528 N/A -345 1 -581 N/A 702 998 521 35 N/A 949 -123 N/A -221 27 428 N/A 377 -282 N/A 306 -473 757 -968 -582 504 -258 430 N/A 637 -478 -254 N/A -979 N/A 639 754 N/A -36 951 -536 N/A -617 529 N/A -821 439 507 912
501 945 -191 N/A 491 -767 -737 870 N/A 492 -623 -299 N/A 808 N/A 506 -346 -341 -604 N/A -774 -863 N/A -573 259 -891 -571 N/A -530 N/A -582 -656 333
189 209 -273 -311 N/A -48 35 N/A 244 N/A -917 76 N/A 460 -599 872 N/A -732 N/A -773 544 138 -147 -408 -652 -348 663 N/A 165 -875 -993 N/A -555 N/A -458 N/A -551 549 488 -837 499 98 877 -3 -23 639 N/A -683 N/A 751 N/A 453
953 -74 N/A -949 -479 357 177 555 N/A -998 -128 N/A 247 967 N/A 136 N/A 875 342 662 -822 -300 477 N/A -664 154 431 77 332 280 -589 N/A -819 N/A -877 192 -139 N/A 679 779 -88 782 N/A 196 -475 N/A 877 831 N/A -977 213 N/A -542
-577 -845 -873 N/A -403 -836 306 -493 N/A -2 249 -8 713 584 N/A 889 578 N/A -574 N/A -990 -387 979 N/A -866 -52 N/A -55 N/A -966 398 -760 200 100 -847 -143 N/A 514 -55 N/A 818 299 N/A -885 -335 718 N/A 129 N/A -873 -300 -717
900 -244 614 -953 -340 -238 N/A 430 N/A 212 N/A -480 -401 N/A 77 303 N/A 235 220 N/A 813 77 195 -436 -421 -202 779 N/A 663 115 -504
-88 -128 N/A -31 -470 N/A 498 771 -47 -581 N/A 92 706 882 -612 709 -528 N/A -518 487 -424 N/A -728 N/A 568 61 N/A -597 786 N/A -812 -76 -29 -649 -194 -230 N/A 149 676
520 896 686 N/A -292 -573 N/A 58 -964 774 300 N/A 893 N/A -129 -197 318 -765 -349 N/A -451 -611 942 218 -896 -376 -894 565 902 -901 N/A 378 N/A 384 209 N/A -868 N/A -956 N/A -847 N/A 995 -299 -851 743 N/A 892 114 N/A -474 39 794 N/A 266 -568 -928 N/A 933 -709 -947 N/A 292 N/A -905 N/A -673 988 427 172 38 740 937
-707 N/A 783 N/A 107 N/A 309 864 -936 -91 850 N/A 583 -259 N/A 554 910 N/A -989 N/A -230 N/A -170 N/A 205 325 -499 N/A 644 713 880 N/A 598 309 213 N/A 766 891 N/A 803 265 -457 234 -591 567 553 -491 N/A 854 40 64 -439 382 -810 490 -593 -539 719 572 -515 201 -66 N/A -737 N/A -944
714 -995 N/A -417 986 -287 N/A 641 568 -553 -201 157 89 536 -391 927 481 60 N/A 620 N/A 496 N/A 594 949 -641 N/A -310 -387 N/A 270 N/A 407 330 434
895 144 721 N/A -917 724 154 N/A 94 N/A -593 N/A 829 N/A 579 331 -465 -500 -273 120 N/A 320 430 -426 -788
-709 N/A -592 -767 N/A -491 -867 N/A 388 860 425 -536 N/A 226 161 -738 261 542 790 N/A 365 93 -969 773 N/A 167 975 N/A 251 768 -989 N/A 411 -669 -395 -399 160 -163 -211 N/A -677 N/A 225 133 N/A -204 -861
965 N/A -662 -609 -359 -11 N/A -387 N/A -82 988 N/A -310 -575 787 -410 N/A 337 605 -425 276 N/A 977 -41 52 928 714 -432 -543 N/A -9 N/A -610 929 778 N/A -784 995 593 -174 N/A -951 N/A 813 -998 N/A -887 207 N/A 398 N/A 637 -461 963 -522 -486 67
32 -744 N/A -749 94 78 240 N/A -669 498 N/A -258 -178 N/A -242 205 N/A -453 N/A 702 N/A -210 86 -627 233 -127 N/A 746 -664 385 N/A 674 491 N/A 361 946 -73 -119 -699 -778 920 435 960 N/A 746 -722
-14 -355 N/A 126 -176 -801 -600 -709 -332 N/A 921 N/A -375 N/A -520 N/A -218 995 227 -14 -7 N/A -451 -420 N/A 540 508 N/A -586 483 92 -648 N/A -780 138 N/A -795 98 -812 -928 49 N/A 704 56 N/A 318 -576 N/A -617 N/A 665 -121 -591 N/A -590 -249 524 -318 -112 -967 N/A -951 251 899
414 -498 N/A -770 N/A 824 179 309 -476 92 -728 N/A 967 -912 -241 438 N/A 664 N/A 501 N/A 488 258 62 372 -244
-55 N/A -707 -641 -831 -324 N/A 314 389 N/A 352 N/A -849 893 -87 -121 575 N/A -140 -183 -912 675 N/A 840 -56 635 -409 -580 -441 N/A -976 101 N/A -2
-492 N/A 539 -636 -867 N/A 650 N/A 656 -394 592 -527 -725 N/A 740 N/A -273 -750 -412 N/A 846 -749 N/A 792 -234 -635 40 -366 -881 960 N/A -228
-586 N/A -155 N/A -810 83 -842 -231 665 N/A -85 197 N/A -732 53 N/A -205 123 -795 -248 N/A 779 -313 -449 -73 483 N/A 487 -758 5 291 983 486 334 258 N/A -2 -921 208 N/A -221 N/A 842 N/A -940 -384 -684 N/A 481
-206 -160 86 N/A 417 N/A 279 341 N/A -93 153 850 560 809 -898 438 -509 N/A 219 N/A 450 625 -635 N/A 280 -266 -685 779 748 378 -813 139 N/A -151 N/A -418 -941 -48 651 781 974 N/A -824 -312 N/A 629 N/A 165 N/A 812 -202
968 -527 111 -485 -592 745 504 N/A -421 965 604 419 -709 N/A -648 618 -311 -301 -353 240 817 N/A -199 58 705 N/A -897 N/A 138 -750 N/A 593 260 306 N/A -498 N/A 995 N/A -605 N/A -935 N/A 883 -295 N/A 312 -689 -777 -686 -129
-467 916 N/A 993 N/A -225 608 -292 N/A 536 N/A 359 N/A -502 504 -730 N/A -696 N/A 703 442 407 -71 N/A -353 -685 -135 N/A -902 N/A -719 -48 -867 N/A -542 212 -115 912 N/A -993 -187 N/A 935 -915 N/A -683 253 -902 -616 N/A 619 -59 900 49 911 365 N/A -570 -290 N/A -36 -620 -779 749 N/A -199 902 466 206 -913 -649 222
-53 631 N/A 312 613 -784 444 317 -90 430 -675 -312 -846 868 -992 N/A 392 N/A 739 N/A 897 -590 N/A 456 N/A -962 -217 604 N/A 162 N/A -353 -365 402 -684 988 N/A -319 189 -109 772 N/A 162 N/A -680 N/A -958 351 767 N/A 422 -174
875 229 N/A -693 -581 N/A 934 N/A 301 N/A -181 898 -846 N/A 457 -739 995 431 -458 602 205 19 N/A 897 825 100 679 N/A 437 -335 208 N/A 306 N/A 3 N/A -275 -503 N/A 720 -641 28 -752 N/A 225 -903 774 632 N/A -414 118 -807 -800 N/A 961 242 143 -44 N/A -56 N/A 623 -580 -309 541 120 978 N/A -551 -502
59 -632 -493 N/A -513 -278 N/A 313 N/A -748 -492 -878 N/A 377 -444 -209 -11 -199 15 864 -949 -267 N/A 789 701 N/A 699 -435 N/A 643 N/A 370 642 N/A -168 N/A -831 681 303 -95 796 -811 336 121 714 760 -78 -408 N/A -585 N/A -466 N/A 761 N/A 631 N/A -76 270 -199